# PAM120 substitution matrix
# Derived from Dayhoff (1978), PAM1 matrix raised to the 120th power.
# Intended for moderately related sequences (~40–50% identity).
# Row = query amino acid, Column = database amino acid.
   A  R  N  D  C  Q  E  G  H  I  L  K  M  F  P  S  T  W  Y  V
A  3 -3 -1  0 -3 -1  0  1 -3 -1 -3 -2 -2 -4  1  1  1 -7 -4  0
R -3  6 -1 -3 -4  1 -3 -4  1 -2 -4  2 -1 -5 -1 -1 -2  1 -5 -3
N -1 -1  4  2 -5  0  1  0  2 -2 -4  1 -3 -4 -2  1  0 -4 -2 -3
D  0 -3  2  5 -7  1  3  0  0 -3 -5 -1 -4 -8 -2  0 -1-11 -5 -3
C -3 -4 -5 -7 10 -7 -7 -4 -4 -3 -7 -7 -6 -6 -4 -1 -3 -9 -1 -2
Q -1  1  0  1 -7  6  2 -3  3 -3 -3  1 -2 -6  0 -2 -2 -7 -5 -3
E  0 -3  1  3 -7  2  5 -1 -1 -3 -4  0 -3 -7 -2 -1 -2 -8 -5 -2
G  1 -4  0  0 -4 -3 -1  5 -4 -4 -5 -3 -4 -6 -2  1 -1-10 -7 -2
H -3  1  2  0 -4  3 -1 -4  6 -4 -3 -2 -4 -3 -1 -2 -3 -3  0 -3
I -1 -2 -2 -3 -3 -3 -3 -4 -4  6  1 -3  1  0 -4 -2  0 -6 -2  3
L -3 -4 -4 -5 -7 -3 -4 -5 -3  1  5 -4  3  1 -3 -4 -2 -3 -2  1
K -2  2  1 -1 -7  1  0 -3 -2 -3 -4  5 -1 -7 -2 -1 -1 -5 -5 -3
M -2 -1 -3 -4 -6 -2 -3 -4 -4  1  3 -1  7 -1 -4 -2 -1 -6 -4  1
F -4 -5 -4 -8 -6 -6 -7 -6 -3  0  1 -7 -1  8 -6 -3 -4 -1  4 -3
P  1 -1 -2 -2 -4  0 -2 -2 -1 -4 -3 -2 -4 -6  6  1 -1 -8 -7 -2
S  1 -1  1  0 -1 -2 -1  1 -2 -2 -4 -1 -2 -3  1  3  2 -2 -3 -2
T  1 -2  0 -1 -3 -2 -2 -1 -3  0 -2 -1 -1 -4 -1  2  4 -6 -3  0
W -7  1 -4-11 -9 -7 -8-10 -3 -6 -3 -5 -6 -1 -8 -2 -6 12  0 -8
Y -4 -5 -2 -5 -1 -5 -5 -7  0 -2 -2 -5 -4  4 -7 -3 -3  0  8 -3
V  0 -3 -3 -3 -2 -3 -2 -2 -3  3  1 -3  1 -3 -2 -2  0 -8 -3  4
